0236
2786
0851
3327
4698
2440
0763
5063
0773
4206
3852
3203
2848
5297
3768
2374
4605
1429
0357
3429
2610
5155
4383
0496
2281
2561
5394
1078
2612
4814
0982
3351
2050
2841
0145
3790
0391
4209
4710
5318
0339
1745
4784
1418
4582
5316
4732
4914
0467
0294
3496
4495
1749
3923
2307
1668
0491
3112
4506
5590
4531
3599
3055
0964
0526
5002
1345
0805
2649
1846
5117
2622
2402
1762
4450
4010
5505
2077
1437
0068
3026
3120
0100
3536
4092
3386
5360
2255
2118
0849
0143
3678
0739
2034
2705
2269
4636
1220
1302
0619
0868
3738
0925
2159
1933
4014
0745
5391
3592
3030
3022
1930
2803
2965
1318
4577
1949
1532
0813
0407
0727
0234
0701
1333
2840
5121
0538
1450
2444
0347
1736
1652
1392
1388
2375
1858
2816
3710
0138
0459
4291
2510
1374
1732
4610
0579
1634
5031
5526
5059
1895
5176
3702
3133
2881
5128
0839
3406
2789
0380
4893
3008
5628
1166
5254
1420
3050
2934
2033
0835
2858
2365
0897
4931
0938
1484
3083
0630
1462
1044
0406
4366
3299
3604
3113
1724
2318
4892
3181
5256
0370
0101
2431
4121
0415
0920
1520
1915
3485
3474
0940
3794
1196
3096
1063
0430
3231
3070
2114
1681
5614
3754
4765
2516
2128
3313
5374
3689
1997
4114
4930
4406
4985
4679
3587
2931
3629
1687
5205
5130
1496
3505
1396
1719
3857
4377
2885
3358
3042
1812
3098
1080
0825
4910
0667
1971
5018
1212
2151
2681
3207
3750
3214
1890
4512
3293
3170
0532
4185
5454
5170
4482
2890
4869
2574
4823
3334
3607
3908
4734
4442
1945
0133
4061
3384
1900
0458
3089
5046
0229
5372
1928
1738
4543
1555
4981
1293
0081
0620
1992
3479
5477
4594
1994
0049
0561
4953
2038
4426
3206
0806
5453
5464
2449
5099
1816
3159
3316
3577
2763
4952
0993
3989
5087
0000
3669
0288
4386
0875
5073
2933
3363
3564
3002
2097
0733
4243
2991
2042
3049
2798
5434
3661
2068
5483
1875
2294
0551
5364
1942
1163
0218
3027
2298
1259
3533
2284
3499
0093
4886
5531
1601
4192
5079
5574
1914
0926
4715
1494
1531
0953
1148
4706
3102
5408
0541
5503
1160
4833
0629
2981
3134
2533
2083
1341
2441
1751
2831
2837
5572
4731
1419
3467
1451
5184
4850
3759
2813
2372
2748
2162
2085
4223
1698
0915
3078
0647
0651
0205
1002
3341
0038
2386
2195
2732
4972
2826
3858
3953
1076
3010
1099
3804
1037
4557
1940
3972
1248
3097
1486
5442
4854
4415
0086
2987
1357
0540
0830
2515
3968
3325
0776
0610
5296
0583
2498
1186
5383
2846
2517
3261
2095
4074
3057
0820
4902
2878
2076
2659
2701
4425
0909
5488
4712
1246
2833
4118
2074
0653
0077
2049
1662
4596
4562
1780
1752
3911
4418
0817
4845
4969
4564
4210
0098
1865
2109
2653
1185
1761
3967
2268
1746
5624
2861
1366
3508
5490
1436
1001
4359
1886
2124
4077
4202
0706
5403
1389
0988
2955
2978
4897
5165
0607
4324
5543
1767
4800
5132
2145
5489
0188
4837
4293
2836
4388
3554
1275
4587
2689
4595
2208
3123
1320
5042
3731
4011
0389
2688
4798
4003
4808
3958
3513
0866
1558
0336
1207
1092
0859
3423
1481
1561
3763
5190
5629
4159
0985
3015
5337
4200
2275
2621
3979
4083
5202
5145
1179
0250
0046
0258
0094
3426
0593
2759
4560
5187
3111
3176
3416
1190
0029
2714
2788
4233
4553
3644
4785
2384
3570
3770
3891
0614
1528
1808
5071
5062
1548
1400
4516
0955
4828
1625
0718
4371
2292
0048
2140
0525
1267
2507
0404
2199
2830
2990
0654
4860
2599
3059
1991
5412
3510
1018
5357
1279
2620
1097
0334
3655
0642
2090
5306
1368
4315
3484
3435
0410
0137
3312
1771
5244
4169
5264
5345
0486
2619
2015
5518
2459
3832
4467
3946
1699
4901
4284
0759
0672
2823
5373
1989
3361
1902
1514
5362
1147
3896
4825
1517
2060
3066
4851
4511
4817
1057
0290
5573
2272
5158
5081
3397
3694
0951
5168
2031
0013
2100
1591
5529
0744
3001
2328
1595
0016
5091
1330
1197
2204
0032
0039
1296
0811
3262
1343
3837
0446
0947
4552
1224
5356
0349
2217
2209
0226
4455
5125
1722
4276
3912
2543
4684
5019
5604
0577
3840
2377
0027
0161
1096
3736
2257
2073
0600
2120
0980
3461
1537
3673
5252
2866
0063
4717
3516
5593
2514
2283
3298
2501
0017
0066
5630
1256
3356
1073
1036
3460
1012
3649
3183
4687
5196
3444
0769
0304
3870
2623
5009
3403
0414
4807
0535
1119
4064
5431
3683
4816
0449
5265
4997
3973
2673
4508
2651
1813
2596
3608
3215
3129
0322
0847
0968
5346
4994
3187
0531
0797
3585
4736
1335
4714
1021
3017
2656
4695
5172
0390
0762
5496
4742
4065
2478
4237
1134
2718
2569
3318
3075
1538
5250
0991
1404
0135
2260
2460
4165
1376
4452
3779
0313
3741
2488
3986
1353
0377
4676
0931
3198
2603
2331
5544
1127
4296
3566
4355
1244
2333
3803
4494
1118
1237
2928
1219
0885
4394
0012
4665
1395
5634
4353
0201
5088
1132
0589
0840
4794
4966
0385
3957
3993
1640
1627
0657
4178
1744
1596
1876
3530
3497
0996
3732
2938
5617
3722
0085
2480
0575
0207
2327
0408
5106
2818
2061
4546
0661
1963
2425
3715
3253
0747
2716
1351
3275
3212
3869
0436
4088
4376
4273
1673
2731
3450
3712
3999
3934
2963
1679
2719
2104
0300
5311
2121
3227
4592
4216
1653
3336
3921
4039
4938
4461
2613
1251
1380
2859
2742
1877
1648
5370
1969
1321
1200
0368
5491
2088
1291
4993
5004
0198
2547
5344
0617
3168
0750
4907
3258
2183
2123
4104
3528
0090
3389
5388
3991
1387
1978
4170
1661
4501
5066
5439
1688
2215
0883
2044
0906
1791
4929
1576
2182
3267
5330
2924
4073
4568
0202
0710
0705
3904
4526
3675
4861
1425
2315
0598
1939
0433
2412
1968
3459
1270
0340
2291
5313
1620
0522
3567
2094
2230
1887
5167
3707
0160
5537
5476
1610
2407
2925
2184
1403
0260
1280
1571
0469
2664
2235
4653
4348
4638
0105
2127
0231
1195
3371
0177
0255
0721
3349
2214
4101
4267
1988
2806
2236
3539
2216
4675
1920
3918
0608
0358
4417
1013
4674
2643
1723
3632
0225
5405
1322
4475
3862
3724
0556
4059
3295
1317
3540
4404
1882
3492
4519
3006
0683
2383
2555
4255
5159
3469
3274
4071
2170
3685
2728
0770
2618
1187
1739
3521
1498
2504
2922
4570
3541
2005
4264
2549
5013
3431
5185
0169
2410
4788
1643
5278
1680
3981
1365
1218
0545
4885
0903
1038
3681
0393
3172
3978
0444
3326
2838
3208
1958
4795
1623
3917
4622
3163
2424
4066
4912
5512
3034
4229
3263
2770
2842
0715
3565
2345
3860
1741
4964
5068
0832
4403
4887
0147
1825
3107
5365
4302
0734
1221
4797
1503
1143
4919
2594
4855
4285
2347
2452
3596
4836
2397
5283
3211
2956
4630
0285
1987
1552
0514
5444
3514
0686
0321
2280
0870
2363
3320
1086
4128
0998
0158
0507
4857
2446
0777
0062
2508
0070
5274
0310
1760
4544
3936
2364
4167
5055
2196
5563
3823
3003
4032
4099
2133
3755
1504
0790
1757
1651
0794
0924
2314
0919
4551
3043
2028
0728
3289
0082
3537
3544
0333
4183
4392
3881
1850
2064
4290
5189
2682
2530
4217
5161
5324
0534
5485
2442
1467
0235
4084
2502
0128
1700
1130
2113
4988
2487
3116
4078
1562
1785
4120
3217
3772
1421
4111
4867
0421
2892
5126
4776
4627
5522
4389
1894
1650
2930
1518
4462
2766
2785
1323
2752
5150
3296
2709
0058
1362
4602
5631
3417
0215
2597
1835
1545
1873
5153
3420
5204
2122
2625
2559
1025
5124
5392
1508
4783
0127
2053
1087
5173
4685
3598
2553
4294
3550
0788
4449
5249
3071
2592
5508
4858
4252
1358
0035
0364
3240
2137
3734
2810
3166
1055
3706
4754
4970
2271
2675
3377
3149
2628
5578
3413
3879
3125
0465
5381
4279
2024
0325
4975
2299
4491
5326
1062
3046
4585
5183
5142
4656
3369
4920
4708
4342
4162
0018
1453
0435
1747
0072
5609
4485
1929
0419
3330
5427
0569
3101
4744
5010
0254
1515
4261
4998
3692
4160
4378
2793
0886
4190
5402
5328
2279
2730
0316
4436
5143
3849
1082
0523
4804
5487
5317
3309
4399
3287
1217
4161
3264
5501
2839
4542
4308
4877
5134
0992
1821
4769
0737
4545
4234
4367
2994
1922
2340
1053
4474
4974
4819
5242
0664
5162
1786
5110
5618
0787
5045
0423
2694
1136
1678
4260
0596
1589
3830
4584
0482
0738
3987
0139
5258
2820
5033
3800
0055
1315
2953
2870
0703
1772
3106
4847
4611
3270
5325
4738
0303
2041
0663
4226
1485
5080
4358
2039
5535
5272
5597
2476
0731
3250
1009
3115
4728
1268
1236
2869
4443
1717
4986
0489
1985
5262
4043
2897
0140
4171
0474
5299
4393
3457
0007
3997
1347
4984
4951
3236
0934
1309
2769
1203
0746
3552
1294
1853
5248
2914
0549
3410
4884
3795
1587
3563
3380
1493
5553
2782
5214
1016
1796
0270
2258
4647
3856
4713
1781
4934
5114
0192
3949
1417
2849
4268
1108
3551
1089
1622
2249
1837
0115
2506
0209
4613
2779
2704
2357
2920
4502
5455
3495
5107
4523
3135
2545
0905
0005
0473
4480
3257
2609
4517
4135
3774
4090
3693
0793
1720
2976
4257
3865
4488
4579
4936
2573
2894
2108
4928
5409
2427
5515
2078
3454
1714
1477
3162
0695
1957
3990
4137
1483
1927
3038
1137
1469
2471
5610
4581
2392
2796
4761
2415
4739
1433
3928
4943
1805
0937
0565
1325
5585
0970
2087
0918
5561
3813
5335
4820
4859
4583
0512
2398
1233
4503
3196
4864
4631
2645
1641
5269
2577
1782
1478
1211
4107
0961
2958
4085
1888
5546
4821
2572
0637
3086
4024
1077
4965
2165
0297
2069
4803
2301
5471
1151
0356
3622
0975
5072
4384
3222
1522
2713
3160
0500
5469
2745
4818
1411
1006
0501
1880
2513
5558
1631
1512
0267
0616
1728
2295
3342
4999
1954
0348
0976
4235
0530
2110
1250
2608
2335
3935
1455
1823
1058
5352
5171
1955
2256
0498
1408
4983
0331
0125
2581
1705
0601
4559
3595
4427
5494
1363
3139
5036
0754
0881
5492
5448
2445
0014
3304
0274
3815
3809
2497
4750
4841
0185
1273
4098
1410
3833
0240
2264
5023
3517
1937
2667
3976
4680
5429
1934
0219
5393
1229
4908
5008
3962
3009
5098
1839
2486
0679
4191
4932
4146
1847
4082
1715
5054
4155
3895
2499
1565
1798
0939
3841
2773
4299
5615
0505
5032
2201
2443
5149
1787
5418
2886
2844
0628
5457
2847
3527
5006
4181
1896
3569
1049
3591
4029
2856
3954
0828
3744
1466
1383
2669
1852
0159
3575
4025
3305
0873
5395
1861
4125
0935
5463
3855
4948
2126
1334
2927
4578
4440
3131
0243
4318
0740
3165
1657
2166
1367
0623
5233
0461
2348
4133
3277
3889
4306
5623
5193
5240
5385
2096
4704
3234
4727
1836
0120
0144
0089
1764
0743
1126
0669
2550
3802
2080
2587
2957
4937
0966
4590
2565
1913
2638
3571
2065
3221
0894
0040
3072
1181
5061
2710
0944
1094
0846
2082
2637
1800
0520
2413
4657
4044
2541
2781
3686
1449
0252
3653
2111
4046
2310
2007
5542
0862
0106
5300
3220
3792
4164
2548
2918
0989
4163
0694
0533
5230
4598
3573
2999
3284
2472
2771
5119
4889
5447
3559
2101
2683
5120
2627
1759
0803
2009
4604
0471
0570
4741
4317
5577
2700
4882
0764
5349
2832
0605
2903
0506
3414
4123
3925
1257
3039
1807
1138
1416
3037
1172
2262
2634
2380
2626
5636
0286
3311
1039
2143
1557
3137
2768
0442
2203
4354
5538
5235
4119
3441
2520
1444
4648
4946
5188
0427
0823
0492
1593
0328
3974
2738
2723
3433
0711
3603
3747
3464
0418
1286
4251
1032
3730
2617
0529
2888
4895
3248
0041
1606
1414
3439
4722
5468
2527
1180
4439
5450
1350
0378
4591
4028
2629
0720
2010
2106
1307
4174
1026
3688
2404
3418
4996
1904
2246
2325
1750
4486
3877
3933
1809
1694
5304
4726
0580
1245
2194
0168
3817
0320
0836
4008
0857
2579
3249
4534
3752
3142
5596
1384
4771
0502
0786
3682
4558
1070
0730
1216
5460
3578
5598
4411
5479
5052
3938
2370
1859
1645
5074
2248
5511
1316
0431
3045
1458
2396
0405
3711
4400
1060
5215
1085
3826
5282
0480
2138
3827
2160
3148
3404
0289
0416
3020
0346
4212
3966
4364
5451
0548
5007
2297
1157
1377
0612
2954
5452
4054
0376
0979
3816
3154
1265
0154
0956
3749
4500
5097
4363
4292
5141
3793
0962
0024
4042
0001
3051
5367
2289
2942
2240
5389
1171
0983
3350
5195
4872
4314
4207
2746
2474
5320
2313
2436
0801
1446
4369
0638
2218
1658
5575
3556
3549
1473
4463
5612
4203
1871
3729
4362
1397
2799
4328
0272
0802
4760
5445
5616
4968
3216
1831
2353
5177
3132
2500
3784
4982
0109
4846
3568
3746
2551
5016
4156
0269
4566
2169
3897
3773
0717
4504
2465
3297
3882
4626
4572
3390
1497
2489
3614
1827
2905
0564
2602
3035
2447
2737
4158
4007
1399
2481
1382
4530
0104
3178
1702
1903
2263
1868
0365
5416
1464
2854
3004
4454
0691
0441
4746
1064
1806
5404
0238
0521
4498
1188
4532
4380
3376
3301
5166
0698
0767
1084
2721
1100
2984
2125
4184
1881
5611
2674
4496
0102
4781
2048
4464
0097
4136
0901
0121
3995
4220
3440
0108
4373
1336
4597
2002
2290
5060
2724
3099
1424
0329
3328
0067
4140
2047
1299
2192
2929
2512
2276
5028
0232
1007
5554
3054
2943
5619
1476
4350
4789
2797
2539
3306
5541
3984
3213
0064
1981
3743
2181
1677
4336
5129
3302
3200
1799
2308
2807
2604
0800
5021
2156
1095
5594
5411
0110
0411
5569
3713
0856
4842
3717
2405
2518
3939
3943
0374
2322
3151
3714
1993
1734
1034
3913
4839
2614
0861
5037
1683
4304
2521
0463
4822
3412
5220
1779
1030
2696
1372
3843
1686
4654
4058
1261
3118
2787
2243
5271
1507
4883
5528
0176
4677
3023
2107
4527
1884
4148
2532
0196
1041
1482
5014
1783
1116
2666
3245
0030
4835
0354
5581
1523
4236
3605
4311
0994
1124
5524
0716
3472
5625
1254
5607
0732
0891
3937
3189
1191
5498
3522
4719
2432
0271
5534
3718
4102
3074
4813
3695
0044
0257
5589
5513
3733
3451
1083
1301
1692
0091
5474
1754
0606
1788
5517
3758
0069
1272
2570
1655
3173
0237
0193
3503
3375
0073
2164
1226
0261
4844
2875
4905
3511
4330
0824
3182
0429
5425
0114
1072
4991
4947
4927
5359
4139
0112
2537
2655
3374
1961
2326
4022
3354
5148
0181
2997
4154
1170
5039
3930
2426
4240
5186
2155
1938
4263
1941
4053
0409
4752
5591
3383
0037
5257
3005
0045
3243
0779
4432
3195
2344
2228
0132
2282
2853
3388
1974
5333
3915
2205
1674
0819
5238
1005
4001
5635
3977
2354
0277
0103
4002
5127
1253
4778
0002
0332
4391
3167
4608
0223
5576
0829
0434
1105
5290
0426
0375
2168
1298
4922
0142
0671
0439
3600
1168
3771
0472
2575
0810
5094
2150
3818
0503
2692
1360
0259
3667
3776
5067
3476
2902
1225
4667
1381
3048
4211
3092
5232
2253
5608
2130
4735
1869
1778
2129
1970
3260
1635
2762
2046
5351
3367
0943
0266
5587
5314
3251
2995
5197
2311
1697
2222
0592
5012
1707
1042
5221
5294
3812
1243
0338
1633
2979
1912
1003
3060
4880
5441
3635
0194
2356
5421
4214
4743
4601
4019
2835
0631
4221
5089
4992
4753
3719
5169
1098
0033
3065
3355
2139
1602
0351
4045
0172
4669
2174
1228
1726
4289
1269
2546
2029
2306
2147
3679
4266
3853
0403
2776
4055
0719
4441
4018
1349
3888
2454
0960
1375
5549
3751
2980
1443
0923
5024
3033
5478
4926
5523
5034
2975
0387
4130
5085
0626
3580
4476
5525
4193
0602
1956
1856
1474
5545
4957
2663
2296
1936
1879
4792
4979
2864
2860
4370
1530
5443
1110
3636
2529
0382
2899
2977
0771
1773
4323
1390
2158
3141
5323
5259
0084
4574
5527
1544
3338
2505
0394
1569
2568
4468
4600
4978
0708
5135
4740
0973
4287
1855
3271
0559
2524
2829
1479
5261
1337
3081
3471
3637
1093
0059
4906
5379
1492
0042
1841
5536
2371
5507
1031
1438
0902
1017
1435
4528
3948
3892
1430
1588
4894
4015
2883
4629
0424
3806
0987
0945
0244
4483
4420
2726
0342
1916
0095
4325
1024
0420
1107
4871
2900
4652
2996
4250
2219
0335
3068
2211
2329
5111
5070
3534
5426
0807
0395
1461
0665
2185
3628
5602
1670
4563
3819
0537
2032
3308
4569
4033
5415
3532
1818
3269
0056
5092
4222
4790
3238
1480
0061
4603
5279
3691
2350
1564
5003
2740
4664
1755
1319
4365
0206
0107
1870
1379
3209
3831
1331
4360
0318
0146
0515
2207
3498
5564
3090
0724
4702
1600
3701
4489
4716
4097
3929
4942
0355
4242
0517
0729
2231
0213
5051
3952
0815
2974
1011
4876
2843
0699
2948
2453
2134
4852
4697
4278
4831
2023
5358
0247
1398
4320
5199
3177
0952
2792
4618
3194
1766
4935
1944
4410
3871
0315
0412
0508
4573
2916
1874
4700
2970
0971
1283
4337
1241
0585
0174
5267
3684
4916
3473
0216
0997
3247
3011
0456
1193
2913
3095
4690
2013
2988
3468
0118
3650
2035
0208
2702
2937
5082
3787
0668
2229
2919
3058
1432
2631
2287
2525
0822
4187
2277
4643
3396
1194
2115
1581
1178
2583
0150
4138
5552
4915
1242
1402
1642
3757
3906
0214
5301
2171
1208
5530
0900
3624
0650
4634
3381
2221
3425
4275
4949
0511
2135
3056
2834
2200
0707
5251
1215
4777
2753
0314
3185
5053
4628
0481
1422
5620
0645
2006
3654
1826
4205
2898
4038
0818
1022
4067
3466
2071
3982
3657
5280
4956
3421
4774
5363
5499
2708
1960
2020
2008
5504
2658
4696
4945
2556
3190
0447
1079
5209
3047
0684
1842
3219
0246
3021
5500
1238
3959
1240
2809
4866
5342
0928
0203
4035
4536
1102
4286
4554
4408
3322
3922
0749
0428
4395
5231
3012
4316
2273
4658
0054
4127
4745
2772
4179
2057
2680
2378
2220
3393
1470
2021
0166
0519
2936
0324
1159
0636
4280
3975
3294
0275
1154
3638
3782
0518
2352
0646
5327
3314
5260
5270
1513
1708
5605
1290
0306
4412
4725
0487
1672
4057
1626
3080
4321
0821
3811
4703
2485
3079
0611
4416
3379
3863
4453
2448
4547
0287
0639
2355
4663
4918
2464
5144
0725
1541
2877
3864
2865
3859
2001
0189
1516
0341
0312
0949
2767
0183
3894
4068
1475
1445
1533
2828
2254
4694
2640
3699
1153
3584
3778
3455
5112
0186
4040
3601
2014
1125
3898
0681
2141
0245
3317
0673
1616
5386
5353
0957
3407
0662
5510
1659
4096
3814
0171
1231
3626
1866
0558
4891
0363
